5188687644055474|10|2024|379
5188687644054568|10|2024|540
5188687644057827|10|2024|783
5188687644051861|10|2024|850
5188687644052604|10|2024|650
5188687644057652|10|2024|762
5188687644055474|10|2024|953
5188687644055524|10|2024|497
5188687644051002|10|2024|576
5188687644056761|10|2024|841
5188687644051051|10|2024|601
5188687644051101|10|2024|795
5188687644058247|10|2024|952
5188687644057843|10|2024|426
5188687644051622|10|2024|608
5188687644051515|10|2024|389
5188687644052802|10|2024|171
5188687644050715|10|2024|933
5188687644053560|10|2024|551
5188687644052547|10|2024|226
5188687644050384|10|2024|540
5188687644055888|10|2024|394
5188687644057637|10|2024|442
5188687644056860|10|2024|904
5188687644058650|10|2024|811
5188687644057777|10|2024|567
5188687644053685|10|2024|295
5188687644055508|10|2024|990
5188687644054766|10|2024|324
5188687644058486|10|2024|696
5188687644055284|10|2024|483
5188687644052380|10|2024|248
5188687644051622|10|2024|253
5188687644050673|10|2024|929
5188687644052166|10|2024|828
5188687644051234|10|2024|725
5188687644053347|10|2024|120
5188687644056126|10|2024|900
5188687644056431|10|2024|118
5188687644053420|10|2024|152
5188687644053628|10|2024|570
5188687644052208|10|2024|254
5188687644056837|10|2024|893
5188687644053743|10|2024|175
5188687644050137|10|2024|214
5188687644055813|10|2024|271
5188687644057082|10|2024|718
5188687644055011|10|2024|607
5188687644053370|10|2024|224
5188687644051804|10|2024|898
5188687644055284|10|2024|318
5188687644056233|10|2024|472
5188687644057843|10|2024|877
5188687644054865|10|2024|462
5188687644050418|10|2024|585
5188687644053230|10|2024|955
5188687644054170|10|2024|782
5188687644055763|10|2024|830
5188687644054600|10|2024|924
5188687644057413|10|2024|962
5188687644053073|10|2024|585
5188687644051770|10|2024|301
5188687644054618|10|2024|336
5188687644056118|10|2024|633
5188687644057801|10|2024|348
5188687644052653|10|2024|434
5188687644057736|10|2024|329
5188687644057215|10|2024|588
5188687644054378|10|2024|368
5188687644051564|10|2024|883
5188687644050103|10|2024|530
5188687644055581|10|2024|251
5188687644055748|10|2024|217
5188687644052232|10|2024|813
5188687644051333|10|2024|299
5188687644055466|10|2024|565
5188687644052430|10|2024|940
5188687644051184|10|2024|718
5188687644052083|10|2024|459
5188687644050277|10|2024|450
5188687644050426|10|2024|943
5188687644051473|10|2024|553
5188687644052323|10|2024|865
5188687644050863|10|2024|356
5188687644051317|10|2024|585
5188687644051002|10|2024|909
5188687644052653|10|2024|806
5188687644057801|10|2024|240
5188687644051010|10|2024|956
5188687644052802|10|2024|855
5188687644057553|10|2024|866
5188687644056670|10|2024|852
5188687644057330|10|2024|641
5188687644051457|10|2024|943
5188687644055888|10|2024|809
5188687644051408|10|2024|326
5188687644053644|10|2024|266
5188687644055581|10|2024|986
5188687644050814|10|2024|577
5188687644058148|10|2024|327
